0 0.566372 0.329672 0.088496 0.345896
0 0.503687 0.526204 0.051622 0.104817
0 0.609882 0.074181 0.033923 0.112678
0 0.694690 0.129210 0.035398 0.102197
0 0.634956 0.333603 0.022124 0.280386
0 0.730088 0.300848 0.026549 0.057649
0 0.675516 0.379460 0.029499 0.068131
0 0.409292 0.710944 0.025074 0.070752
0 0.362832 0.731908 0.020649 0.049788
0 0.503687 0.834104 0.019174 0.055029
0 0.556785 0.914028 0.039823 0.052409
0 0.639381 0.936301 0.048673 0.081233
0 0.797198 0.975608 0.022124 0.044547
0 0.283186 0.807900 0.017699 0.044547
0 0.381268 0.830174 0.078171 0.041927