0 0.611357 0.783971 0.036873 0.159652
0 0.588496 0.921376 0.029499 0.057579
0 0.327434 0.752564 0.053097 0.285280
0 0.359882 0.923994 0.041298 0.141331
0 0.414454 0.948857 0.038348 0.091604
0 0.220501 0.629554 0.013274 0.112542
0 0.219027 0.782662 0.013274 0.130862
0 0.209440 0.948857 0.026549 0.039259
0 0.328909 0.573283 0.035398 0.052345
0 0.636431 0.929228 0.013274 0.062814
0 0.693953 0.927919 0.013274 0.049728
0 0.367994 0.518321 0.013274 0.308835
0 0.313422 0.130969 0.016224 0.020938
0 0.199115 0.358669 0.017699 0.041876