0 0.129056 0.474037 0.092920 0.170614
0 0.038348 0.249024 0.076696 0.165669
0 0.161504 0.294768 0.063422 0.059344
0 0.013274 0.423347 0.023599 0.118688
0 0.151917 0.731195 0.029499 0.111270
0 0.227139 0.851119 0.032448 0.074180
0 0.317847 0.940135 0.022124 0.059344
0 0.485251 0.424584 0.274336 0.249740
0 0.504425 0.617452 0.070796 0.091489
0 0.514749 0.068519 0.079646 0.131052
0 0.310472 0.309604 0.146018 0.247267
0 0.722714 0.427056 0.135693 0.239849
0 0.908555 0.276223 0.053097 0.081598
0 0.912242 0.732431 0.063422 0.128579
0 0.757375 0.721304 0.036873 0.066762
0 0.714602 0.932717 0.051622 0.044508