0 0.460177 0.793142 0.100295 0.055310
0 0.504425 0.738938 0.044248 0.053097
0 0.757375 0.799779 0.157817 0.090708
0 0.698378 0.707965 0.045723 0.053097
0 0.166667 0.757743 0.029499 0.028761
0 0.121681 0.820796 0.089971 0.044248
0 0.346608 0.766593 0.041298 0.059735
0 0.469764 0.732301 0.028024 0.057522
0 0.403392 0.631637 0.004425 0.108407
0 0.380531 0.644912 0.005900 0.130531
0 0.331858 0.644912 0.005900 0.121681
0 0.252212 0.621681 0.008850 0.150442
0 0.285398 0.673673 0.007375 0.112832
0 0.309735 0.756637 0.011799 0.088496